総カウント数:5936
n:72 m:7
インスタンス:revised/pr03
係数β:500
RouteDistance: 1162.03
bestpena:7487.28
改善回数:0
時間:182.358
0 1 73 64 136 43 71 143 29 36 115 8 22 108 101 94 80 50 57 122 15 87 129 0 
0 23 2 30 95 74 72 58 102 9 130 144 51 123 81 37 109 44 65 116 137 16 88 0 
0 59 131 31 103 52 10 17 82 124 66 138 89 38 24 96 110 3 45 117 75 0 
0 11 18 46 4 83 76 90 60 118 132 39 32 111 67 104 25 53 97 139 125 0 
0 5 77 33 105 19 26 12 91 98 54 40 84 126 61 112 68 140 47 133 119 0 
0 69 55 6 78 141 127 20 92 62 27 13 34 85 134 99 48 106 120 41 113 0 
0 63 42 114 14 135 28 21 93 86 35 100 56 49 128 107 121 7 70 79 142 0 
