総カウント数:8208
n:96 m:9
インスタンス:revised/pr04
係数β:500
RouteDistance: 1353.53
bestpena:11807.5
改善回数:0
時間:364.94
0 19 115 28 124 55 151 37 133 10 106 91 187 82 178 1 97 46 142 64 160 73 169 0 
0 29 125 47 143 65 161 38 134 83 179 20 116 2 98 56 152 74 170 92 188 11 107 0 
0 30 126 75 171 57 12 153 84 180 108 21 117 48 144 39 135 3 99 66 162 93 189 0 
0 76 172 94 190 13 109 40 136 49 145 85 181 67 163 58 154 4 100 31 127 22 118 0 
0 14 110 23 119 86 182 41 137 68 164 32 128 5 101 50 146 77 173 59 155 95 191 0 
0 51 147 69 165 87 183 24 120 60 156 6 102 78 96 174 192 15 111 33 129 42 138 0 
0 25 121 79 175 61 157 52 148 34 130 16 70 112 166 7 103 43 139 88 184 0 
0 8 104 62 158 35 131 26 122 89 44 140 185 71 53 167 149 17 113 80 176 0 
0 9 105 45 141 72 81 177 168 63 18 159 114 54 150 27 123 36 132 90 186 0 
