総カウント数:10480
n:120 m:11
インスタンス:revised/pr05
係数β:500
RouteDistance: 1437.31
bestpena:11852.1
改善回数:0
時間:519.023
0 12 1 67 132 187 121 89 78 209 56 100 23 34 198 111 143 176 220 154 45 231 165 0 
0 79 13 2 122 133 199 24 144 68 90 210 188 101 112 221 232 46 57 177 35 166 155 0 
0 25 3 145 123 36 80 69 156 189 200 58 91 211 178 113 14 134 47 233 102 222 167 0 
0 26 15 135 114 70 146 81 234 190 37 48 168 157 201 4 124 103 59 223 92 179 212 0 
0 5 93 213 27 147 71 125 82 202 191 38 60 180 16 158 49 136 169 115 235 104 224 0 
0 28 39 94 105 214 6 83 148 159 72 225 126 203 50 116 192 236 170 61 17 137 181 0 
0 117 237 95 215 18 84 7 62 138 204 127 40 160 182 106 29 149 226 73 193 51 171 0 
0 8 19 85 139 205 128 63 96 52 216 172 183 74 41 107 161 194 227 30 118 238 150 0 
0 20 140 64 42 119 239 75 184 162 195 31 53 9 97 151 217 129 173 86 108 206 228 0 
0 10 98 109 65 229 218 130 32 185 152 54 43 163 174 76 21 141 87 120 207 196 240 0 
0 55 11 131 44 175 22 164 99 142 219 33 77 66 153 110 88 197 230 186 208 0 
