総カウント数:12768
n:144 m:13
インスタンス:revised/pr06
係数β:500
RouteDistance: 1979.05
bestpena:17041.9
改善回数:0
時間:799.555
0 105 249 144 288 40 184 14 158 79 223 92 236 131 275 27 171 66 1 210 145 118 262 53 197 0 
0 28 172 119 263 41 67 211 185 15 159 93 237 2 146 54 198 80 224 106 250 132 276 0 
0 68 212 16 160 81 225 94 238 29 42 186 173 55 199 107 251 133 277 3 120 264 147 0 
0 108 252 95 239 82 226 134 278 17 161 121 265 30 174 4 148 43 187 56 200 69 213 0 
0 5 18 162 149 44 188 83 227 109 253 31 57 175 201 96 240 122 266 135 279 70 214 0 
0 32 176 45 189 6 150 71 215 97 241 84 228 58 19 163 202 110 254 123 267 136 280 0 
0 33 177 72 216 7 151 124 268 59 203 137 281 20 164 98 242 85 229 111 255 46 190 0 
0 86 230 21 165 8 152 112 256 138 282 47 191 60 204 73 217 34 178 99 243 125 269 0 
0 48 192 74 218 100 244 126 270 113 257 87 231 61 205 22 166 9 153 35 179 139 283 0 
0 23 167 36 180 49 193 62 206 75 219 88 232 101 245 10 154 127 271 140 284 114 258 0 
0 63 207 102 246 89 233 141 285 24 168 76 220 11 155 37 181 115 259 128 272 50 194 0 
0 64 208 116 103 247 260 77 221 90 142 234 286 12 156 38 182 51 195 25 169 129 273 0 
0 13 157 52 196 78 222 117 130 274 261 143 287 65 209 26 170 39 183 91 235 104 248 0 
