総カウント数:5936
n:72 m:7
インスタンス:revised/pr13
係数β:500
RouteDistance: 1162.03
bestpena:6235.91
改善回数:0
時間:186.927
0 1 73 57 129 15 87 8 80 36 108 50 122 43 115 29 101 22 94 64 136 71 143 0 
0 2 74 16 88 51 123 9 58 130 81 23 95 37 109 44 116 65 137 30 102 72 144 0 
0 10 82 24 96 31 103 38 110 45 117 52 124 66 138 59 131 3 75 17 89 0 
0 18 90 25 97 11 83 46 118 60 132 4 76 32 104 53 125 39 111 67 139 0 
0 5 77 12 84 26 98 33 105 19 91 40 112 47 119 54 126 61 133 68 140 0 
0 6 78 20 92 27 99 34 106 41 113 48 120 55 127 62 134 69 141 13 85 0 
0 7 79 14 86 63 135 70 142 42 114 21 93 35 107 49 121 28 100 56 128 0 
