総カウント数:8208
n:96 m:9
インスタンス:revised/pr14
係数β:500
RouteDistance: 1353.53
bestpena:8820.5
改善回数:0
時間:337.002
0 1 97 82 178 73 169 10 106 55 151 19 115 28 124 46 142 91 187 64 160 37 133 0 
0 2 74 98 170 92 20 116 83 179 29 125 11 107 47 143 188 65 161 56 152 38 134 0 
0 3 99 12 108 21 117 57 153 30 126 84 180 39 135 66 162 93 189 75 171 48 144 0 
0 4 100 22 118 31 127 40 136 13 109 58 154 49 145 76 172 85 181 67 163 94 190 0 
0 32 128 86 182 23 119 41 137 50 146 59 155 68 164 14 110 5 101 77 173 95 191 0 
0 15 111 33 129 51 147 60 156 78 174 69 165 24 120 87 96 192 183 42 138 6 102 0 
0 43 139 34 130 52 148 61 157 79 70 175 166 88 184 7 103 16 112 25 121 0 
0 71 167 62 158 17 113 80 176 8 104 26 122 53 149 35 131 44 140 89 185 0 
0 63 159 90 186 9 105 18 114 27 123 45 141 54 150 72 168 36 132 81 177 0 
