総カウント数:10480
n:120 m:11
インスタンス:revised/pr15
係数β:500
RouteDistance: 1437.31
bestpena:11951.6
改善回数:0
時間:583.736
0 100 220 12 132 23 143 56 176 78 198 111 231 67 187 89 209 45 165 1 121 34 154 0 
0 2 122 101 221 13 133 35 155 46 166 24 144 57 177 68 188 79 199 112 232 90 210 0 
0 14 134 113 233 25 145 91 211 58 178 36 156 102 222 3 123 47 167 69 189 80 200 0 
0 4 124 92 212 48 168 103 223 114 234 26 146 15 135 37 157 81 201 59 179 70 190 0 
0 38 158 49 169 60 180 71 191 5 125 27 147 104 224 93 213 115 235 16 136 82 202 0 
0 116 236 83 203 17 137 28 148 39 159 72 192 61 181 6 126 94 214 105 225 50 170 0 
0 18 138 51 171 62 182 95 215 7 127 73 193 106 84 226 204 40 160 29 149 117 237 0 
0 8 128 63 183 85 205 107 227 41 161 52 172 19 139 118 238 30 150 74 194 96 216 0 
0 53 173 9 129 31 151 64 184 119 239 42 162 20 108 140 228 75 195 86 206 97 217 0 
0 43 163 21 141 32 152 76 196 10 130 65 185 54 174 87 207 120 240 98 218 109 229 0 
0 77 197 44 164 66 186 110 230 88 208 11 131 33 153 22 142 55 175 99 219 0 
