総カウント数:12768
n:144 m:13
インスタンス:revised/pr16
係数β:500
RouteDistance: 1979.05
bestpena:14227.4
改善回数:0
時間:842.114
0 27 171 144 288 1 145 79 223 40 184 66 210 131 275 14 158 92 236 53 197 105 249 118 262 0 
0 2 146 28 172 119 263 41 185 54 198 15 67 211 159 80 224 106 250 93 237 132 276 0 
0 16 160 42 186 120 264 55 29 199 173 3 147 68 212 81 225 94 238 107 251 133 277 0 
0 82 226 17 161 108 252 30 174 4 148 43 187 69 213 121 95 265 239 56 200 134 278 0 
0 44 188 57 201 18 162 96 240 5 149 83 227 31 175 122 266 109 253 135 279 70 214 0 
0 45 189 97 241 84 228 123 267 6 150 58 202 110 254 32 176 71 215 19 163 136 280 0 
0 7 151 20 164 33 177 59 203 72 216 137 281 46 190 85 229 98 242 111 255 124 268 0 
0 8 152 47 112 256 191 21 60 204 165 73 217 86 230 99 243 125 269 138 282 34 178 0 
0 48 192 22 166 74 218 35 179 61 205 87 231 139 283 100 244 113 257 126 270 9 153 0 
0 23 167 62 206 101 245 127 271 36 180 49 193 75 219 114 258 10 154 88 232 140 284 0 
0 11 155 89 233 115 259 63 207 141 285 76 220 50 194 128 272 24 168 102 246 37 181 0 
0 38 182 51 195 64 208 129 273 116 260 25 169 103 247 142 286 77 221 12 156 90 234 0 
0 143 287 130 274 65 209 26 170 52 196 78 222 117 261 104 248 13 157 39 183 91 235 0 
